[array([[ 0.04323279],
       [ 0.03476584],
       [ 0.03990949],
       [ 0.06240516],
       [ 0.14607584],
       [ 0.06745136],
       [ 0.0410214 ],
       [ 0.33330474],
       [ 0.0534158 ],
       [ 0.17841758]]), array([[ 0.08376147],
       [ 0.14015813],
       [ 0.21793122],
       [ 0.16574324],
       [ 0.03560336],
       [ 0.08009495],
       [ 0.13343123],
       [ 0.02140682],
       [ 0.09955551],
       [ 0.02231408]]), array([[ 0.01370481],
       [ 0.48762704],
       [ 0.08008658],
       [ 0.07845904],
       [ 0.05824319],
       [ 0.0622431 ],
       [ 0.05763115],
       [ 0.04975874],
       [ 0.06390712],
       [ 0.04833924]]), array([[ 0.41370466],
       [ 0.0122714 ],
       [ 0.06148706],
       [ 0.09005431],
       [ 0.06146208],
       [ 0.08512639],
       [ 0.09199082],
       [ 0.06807614],
       [ 0.0632768 ],
       [ 0.05255035]]), array([[ 0.05773707],
       [ 0.02831407],
       [ 0.07673734],
       [ 0.05623136],
       [ 0.20474364],
       [ 0.06786692],
       [ 0.10372207],
       [ 0.18486498],
       [ 0.06412138],
       [ 0.15566118]]), array([[ 0.01154534],
       [ 0.51405844],
       [ 0.07570012],
       [ 0.08136045],
       [ 0.0545959 ],
       [ 0.05644155],
       [ 0.04503341],
       [ 0.04655999],
       [ 0.06884555],
       [ 0.04585926]]), array([[ 0.04357198],
       [ 0.05496021],
       [ 0.05461926],
       [ 0.08309438],
       [ 0.17780039],
       [ 0.08590692],
       [ 0.06495544],
       [ 0.18044534],
       [ 0.08720894],
       [ 0.16743713]]), array([[ 0.02734804],
       [ 0.1066631 ],
       [ 0.05811767],
       [ 0.07176021],
       [ 0.16989758],
       [ 0.08296284],
       [ 0.08505775],
       [ 0.13549048],
       [ 0.07819012],
       [ 0.1845122 ]]), array([[ 0.07002551],
       [ 0.08561622],
       [ 0.15207904],
       [ 0.08287638],
       [ 0.12128553],
       [ 0.08293487],
       [ 0.16473987],
       [ 0.06684382],
       [ 0.095012  ],
       [ 0.07858675]]), array([[ 0.04022293],
       [ 0.02637391],
       [ 0.03364794],
       [ 0.0411737 ],
       [ 0.20539625],
       [ 0.06260488],
       [ 0.05908861],
       [ 0.25358506],
       [ 0.05690431],
       [ 0.22100241]]), array([[ 0.52988928],
       [ 0.01888085],
       [ 0.06096846],
       [ 0.14541552],
       [ 0.02469543],
       [ 0.08214576],
       [ 0.03382023],
       [ 0.02449033],
       [ 0.06282637],
       [ 0.01686777]]), array([[ 0.14676768],
       [ 0.07866033],
       [ 0.13663512],
       [ 0.13600019],
       [ 0.08330153],
       [ 0.09412643],
       [ 0.11732353],
       [ 0.05825168],
       [ 0.09562206],
       [ 0.05331145]]), array([[ 0.02628002],
       [ 0.02722727],
       [ 0.03508447],
       [ 0.03331192],
       [ 0.21751938],
       [ 0.0571254 ],
       [ 0.06384931],
       [ 0.21680694],
       [ 0.05681519],
       [ 0.26598009]]), array([[ 0.43117572],
       [ 0.01261985],
       [ 0.04942661],
       [ 0.09787183],
       [ 0.06324995],
       [ 0.09403745],
       [ 0.0508097 ],
       [ 0.06725295],
       [ 0.0731861 ],
       [ 0.06036983]]), array([[ 0.01443529],
       [ 0.48793048],
       [ 0.07555668],
       [ 0.09706295],
       [ 0.04857547],
       [ 0.06259392],
       [ 0.0547794 ],
       [ 0.0423019 ],
       [ 0.07414093],
       [ 0.04262299]]), array([[ 0.16029444],
       [ 0.08957617],
       [ 0.09519913],
       [ 0.1935951 ],
       [ 0.0694084 ],
       [ 0.11551648],
       [ 0.06402722],
       [ 0.05819134],
       [ 0.10258795],
       [ 0.05160378]]), array([[ 0.04090595],
       [ 0.02713904],
       [ 0.0556517 ],
       [ 0.05067163],
       [ 0.20118529],
       [ 0.05904164],
       [ 0.08007383],
       [ 0.213093  ],
       [ 0.06784224],
       [ 0.20439568]]), array([[ 0.07390255],
       [ 0.03363758],
       [ 0.04408888],
       [ 0.09166088],
       [ 0.13374026],
       [ 0.07460562],
       [ 0.04686645],
       [ 0.2922927 ],
       [ 0.0614195 ],
       [ 0.14778558]]), array([[ 0.07345125],
       [ 0.10159491],
       [ 0.13619892],
       [ 0.16427848],
       [ 0.07932643],
       [ 0.09239965],
       [ 0.13666386],
       [ 0.05592855],
       [ 0.09675245],
       [ 0.06340549]]), array([[ 0.02701662],
       [ 0.04730377],
       [ 0.05337258],
       [ 0.05374388],
       [ 0.22784025],
       [ 0.06842357],
       [ 0.07875207],
       [ 0.16703148],
       [ 0.06219178],
       [ 0.214324  ]])]
[array([[ 0.],
       [ 0.],
       [ 0.],
       [ 0.],
       [ 0.],
       [ 0.],
       [ 0.],
       [ 1.],
       [ 0.],
       [ 0.]]), array([[ 0.],
       [ 0.],
       [ 1.],
       [ 0.],
       [ 0.],
       [ 0.],
       [ 0.],
       [ 0.],
       [ 0.],
       [ 0.]]), array([[ 0.],
       [ 1.],
       [ 0.],
       [ 0.],
       [ 0.],
       [ 0.],
       [ 0.],
       [ 0.],
       [ 0.],
       [ 0.]]), array([[ 1.],
       [ 0.],
       [ 0.],
       [ 0.],
       [ 0.],
       [ 0.],
       [ 0.],
       [ 0.],
       [ 0.],
       [ 0.]]), array([[ 0.],
       [ 0.],
       [ 0.],
       [ 0.],
       [ 1.],
       [ 0.],
       [ 0.],
       [ 0.],
       [ 0.],
       [ 0.]]), array([[ 0.],
       [ 1.],
       [ 0.],
       [ 0.],
       [ 0.],
       [ 0.],
       [ 0.],
       [ 0.],
       [ 0.],
       [ 0.]]), array([[ 0.],
       [ 0.],
       [ 0.],
       [ 0.],
       [ 1.],
       [ 0.],
       [ 0.],
       [ 0.],
       [ 0.],
       [ 0.]]), array([[ 0.],
       [ 0.],
       [ 0.],
       [ 0.],
       [ 0.],
       [ 0.],
       [ 0.],
       [ 0.],
       [ 0.],
       [ 1.]]), array([[ 0.],
       [ 0.],
       [ 0.],
       [ 0.],
       [ 0.],
       [ 1.],
       [ 0.],
       [ 0.],
       [ 0.],
       [ 0.]]), array([[ 0.],
       [ 0.],
       [ 0.],
       [ 0.],
       [ 0.],
       [ 0.],
       [ 0.],
       [ 0.],
       [ 0.],
       [ 1.]]), array([[ 1.],
       [ 0.],
       [ 0.],
       [ 0.],
       [ 0.],
       [ 0.],
       [ 0.],
       [ 0.],
       [ 0.],
       [ 0.]]), array([[ 0.],
       [ 0.],
       [ 0.],
       [ 0.],
       [ 0.],
       [ 0.],
       [ 1.],
       [ 0.],
       [ 0.],
       [ 0.]]), array([[ 0.],
       [ 0.],
       [ 0.],
       [ 0.],
       [ 0.],
       [ 0.],
       [ 0.],
       [ 0.],
       [ 0.],
       [ 1.]]), array([[ 1.],
       [ 0.],
       [ 0.],
       [ 0.],
       [ 0.],
       [ 0.],
       [ 0.],
       [ 0.],
       [ 0.],
       [ 0.]]), array([[ 0.],
       [ 1.],
       [ 0.],
       [ 0.],
       [ 0.],
       [ 0.],
       [ 0.],
       [ 0.],
       [ 0.],
       [ 0.]]), array([[ 0.],
       [ 0.],
       [ 0.],
       [ 0.],
       [ 0.],
       [ 1.],
       [ 0.],
       [ 0.],
       [ 0.],
       [ 0.]]), array([[ 0.],
       [ 0.],
       [ 0.],
       [ 0.],
       [ 0.],
       [ 0.],
       [ 0.],
       [ 0.],
       [ 0.],
       [ 1.]]), array([[ 0.],
       [ 0.],
       [ 0.],
       [ 0.],
       [ 0.],
       [ 0.],
       [ 0.],
       [ 1.],
       [ 0.],
       [ 0.]]), array([[ 0.],
       [ 0.],
       [ 0.],
       [ 1.],
       [ 0.],
       [ 0.],
       [ 0.],
       [ 0.],
       [ 0.],
       [ 0.]]), array([[ 0.],
       [ 0.],
       [ 0.],
       [ 0.],
       [ 1.],
       [ 0.],
       [ 0.],
       [ 0.],
       [ 0.],
       [ 0.]])]
